3
8
15
5
8
2
1
38
70
1
2
1
147
187
1
2
1
59
191
1
2
1
141
34
1
2
1
117
101
1
2
1
28
105
1
2
1
111
172
1
2
1
80
87
1
1
125
62
2
0
1
88
111
2
0
1
64
179
1
0
1
146
182
2
0
1
116
160
2
0
1
85
75
3
1
1
137
56
3
0
1
131
127
1
0
1
11
109
1
0
1
115
73
3
0
1
142
122
3
0
1
136
193
3
0
1
23
103
1
0
1
105
107
3
0
1
157
89
2
0
5
1
138
75
1
5
1
101
124
1
5
1
77
191
1
5
1
153
106
1
5
1
128
173
1
1
18
115
1
112
113
1
44
77
1
71
126
1
154
193
1
123
108
1
86
93
1
55
71
49
65
1
1
1
1
1
1
1
1
1
1
1
1
1
1
1
1
1
132
1
1
1
1
