4
8
15
5
8
2
1
137
85
1
2
1
181
123
1
2
1
32
211
1
2
1
105
109
1
2
1
102
42
1
2
1
73
183
1
2
1
70
66
1
2
1
127
217
1
1
106
31
2
0
1
115
27
2
0
1
86
118
1
0
1
159
65
2
0
1
130
206
2
0
1
83
51
3
0
1
54
192
3
0
1
127
89
1
0
1
125
22
1
0
1
22
216
3
0
1
96
113
3
0
1
169
61
3
0
1
140
202
1
0
1
93
46
3
0
1
64
187
2
0
5
1
99
130
1
5
1
172
78
1
5
1
143
219
1
5
1
96
64
1
5
1
67
204
1
1
80
189
1
124
228
1
48
213
1
118
44
1
133
223
1
86
68
1
57
209
1
128
39
80
62
1
1
1
1
1
1
1
1
1
1
1
1
1
1
1
1
1
121
1
1
1
1
