6
8
15
5
8
2
1
184
126
1
2
1
20
35
1
2
1
160
101
1
2
1
47
37
1
2
1
74
39
1
2
1
23
20
1
2
1
100
149
1
2
1
101
40
1
1
181
72
3
0
1
182
119
3
0
1
18
36
1
0
1
96
57
1
0
1
45
38
1
0
1
72
40
1
0
1
99
41
3
0
1
75
25
3
0
1
101
135
2
0
1
76
64
1
0
1
102
26
2
0
1
77
111
1
0
1
103
73
3
0
1
104
112
1
0
1
156
77
3
0
5
1
162
108
1
5
1
189
109
1
5
1
25
19
1
5
1
52
21
1
5
1
79
22
1
1
159
123
1
108
96
1
185
77
1
134
59
1
186
124
1
135
106
1
161
61
1
22
34
50
22
1
1
1
1
77
1
1
23
1
1
1
103
1
134
1
1
1
78
1
1
70
1
